123
1234
12345
123456
1324567
12345678
123456789
987
654
321
0123
000
0000
00000
111
222
333
444
555
666
777
888
999
951
753
852
963
369
852
258
741
147
789
456
1122
0000
1212
7777
2000
1999
9999
6666
1122
0909
1818
1000
1970
1971
1972
1973
1974
1975
1976
1977
1978
1979
1980
1981
1982
1983
1984
1985
1986
1987
1988
1989
1990
1991
1992
1993
1994
1995
1996
1997
1998
1999
2000
2001
2002
2003
2004
2005
2006
2007
2008
2009
2010
2011
2012
2013
2014
2015
2016
2017
2018
2019
2020
2021
10
20
30
40
50
60
70
80
90
100
